           1  0000 0000 0000 0000 0000 0000 0000 0000 0000 0001
           2  0000 0000 0000 0000 0000 0000 0000 0000 0000 0010  LGB                        Bombs
           4  0000 0000 0000 0000 0000 0000 0000 0000 0000 0100  TvGB
           8  0000 0000 0000 0000 0000 0000 0000 0000 0000 1000  SNSGB
          16  0000 0000 0000 0000 0000 0000 0000 0000 0001 0000  HEBomb
          32  0000 0000 0000 0000 0000 0000 0000 0000 0010 0000  Penetrator
          64  0000 0000 0000 0000 0000 0000 0000 0000 0100 0000  NapalmBomb
         128  0000 0000 0000 0000 0000 0000 0000 0000 1000 0000  FAEBomb
         256  0000 0000 0000 0000 0000 0000 0000 0001 0000 0000  ClusterBomb
         512  0000 0000 0000 0000 0000 0000 0000 0010 0000 0000  Dispencer
        1024  0000 0000 0000 0000 0000 0000 0000 0100 0000 0000  CandleBomb
        2048  0000 0000 0000 0000 0000 0000 0000 1000 0000 0000  LightRocket                Rockets
        4096  0000 0000 0000 0000 0000 0000 0001 0000 0000 0000  MarkerRocket
        8192  0000 0000 0000 0000 0000 0000 0010 0000 0000 0000  CandleRocket
       16384  0000 0000 0000 0000 0000 0000 0100 0000 0000 0000  HeavyRocket
       32768  0000 0000 0000 0000 0000 0000 1000 0000 0000 0000  AntiRadarMissile           Missiles
       65536  0000 0000 0000 0000 0000 0001 0000 0000 0000 0000  AntiShipMissile
      131072  0000 0000 0000 0000 0000 0010 0000 0000 0000 0000  AntiTankMissile
      262144  0000 0000 0000 0000 0000 0100 0000 0000 0000 0000  FireAndForgetASM
      524288  0000 0000 0000 0000 0000 1000 0000 0000 0000 0000  LaserASM
     1048576  0000 0000 0000 0000 0001 0000 0000 0000 0000 0000  TeleASM
     2097152  0000 0000 0000 0000 0010 0000 0000 0000 0000 0000  CruiseMissile
     4194304  0000 0000 0000 0000 0100 0000 0000 0000 0000 0000  SRAAM                      AAM
     8388608  0000 0000 0000 0000 1000 0000 0000 0000 0000 0000  MRAAM
    16777216  0000 0000 0000 0001 0000 0000 0000 0000 0000 0000  LRAAM
    33554432  0000 0000 0000 0010 0000 0000 0000 0000 0000 0000  IR_AAM
    67108864  0000 0000 0000 0100 0000 0000 0000 0000 0000 0000  SAR_AAM
   134217728  0000 0000 0000 1000 0000 0000 0000 0000 0000 0000  AR_AAM
   268435456  0000 0000 0001 0000 0000 0000 0000 0000 0000 0000  GUN_POD                    Guns
   536870912  0000 0000 0010 0000 0000 0000 0000 0000 0000 0000  BuiltInCannon
  1073741824  0000 0000 0100 0000 0000 0000 0000 0000 0000 0000
  2147483648  0000 0000 1000 0000 0000 0000 0000 0000 0000 0000
  4294967296  0000 0001 0000 0000 0000 0000 0000 0000 0000 0000  Torpedo                    Torpedo
  8589934592  0000 0010 0000 0000 0000 0000 0000 0000 0000 0000
 17179869184  0000 0100 0000 0000 0000 0000 0000 0000 0000 0000  SmokeShell                 Shells
 34359738368  0000 1000 0000 0000 0000 0000 0000 0000 0000 0000  Illumination
 68719476736  0001 0000 0000 0000 0000 0000 0000 0000 0000 0000  SubmunitionDispenserShell
137438953472  0010 0000 0000 0000 0000 0000 0000 0000 0000 0000  GuidedShell
